-0.730854 -0.730854 -0.718575 -0.700577 -0.679507 -0.656607 -0.632532 -0.607665 -0.582237 -0.556378 -0.530138 -0.503494 -0.476338 -0.448481 -0.419648 -0.389485 -0.357575 -0.323464 -0.286698 -0.246867 -0.203642 -0.156805 -0.106271 -0.0520832 0.00559843 0.0665165 0.130342 0.196701 0.26519 0.335392 0.406874 0.479155
-0.730798 -0.710941 -0.691114 -0.669452 -0.646101 -0.621473 -0.595922 -0.569704 -0.542999 -0.51592 -0.488513 -0.46076 -0.432559 -0.403723 -0.373972 -0.342939 -0.310181 -0.27521 -0.237533 -0.1967 -0.152353 -0.104265 -0.0523489 0.00333597 0.062605 0.125173 0.190684 0.258739 0.328921 0.400811 0.474001 0.548105
-0.718404 -0.690998 -0.665491 -0.640016 -0.613972 -0.587267 -0.559979 -0.532231 -0.504138 -0.47579 -0.447238 -0.418475 -0.389417 -0.359882 -0.329582 -0.29812 -0.265002 -0.229665 -0.191525 -0.150046 -0.104809 -0.0555535 -0.00219708 0.0551695 0.116311 0.180885 0.248479 0.318648 0.390942 0.464928 0.540214 0.616468
-0.700233 -0.669157 -0.639836 -0.611154 -0.582507 -0.553643 -0.5245 -0.495106 -0.465534 -0.435867 -0.406175 -0.376487 -0.346753 -0.316808 -0.286356 -0.254958 -0.222045 -0.186925 -0.148856 -0.107154 -0.0612864 -0.0109442 0.043943 0.103226 0.166583 0.233576 0.303699 0.376432 0.451269 0.527744 0.605459 0.684098
-0.67893 -0.645565 -0.613544 -0.582257 -0.551261 -0.520302 -0.489273 -0.458162 -0.427027 -0.395971 -0.365112 -0.334548 -0.3043 -0.274245 -0.244076 -0.213313 -0.181296 -0.147135 -0.109824 -0.0684274 -0.0222399 0.0291182 0.0856852 0.147207 0.213219 0.283133 0.356308 0.432112 0.509955 0.58932 0.66978 0.75101
-0.655734 -0.62063 -0.586522 -0.553071 -0.519978 -0.487034 -0.454129 -0.421243 -0.388444 -0.355879 -0.323754 -0.292296 -0.261657 -0.231799 -0.202392 -0.172925 -0.142693 -0.110498 -0.0748784 -0.0344943 0.0116342 0.0639698 0.122471 0.186696 0.255953 0.329427 0.406287 0.48575 0.567118 0.649801 0.733328 0.817354
-0.631299 -0.5947 -0.558844 -0.523531 -0.48855 -0.45373 -0.418967 -0.384239 -0.34963 -0.315348 -0.281734 -0.249225 -0.218236 -0.188903 -0.160771 -0.133305 -0.106054 -0.0772889 -0.044699 -0.0063075 0.0392992 0.0926542 0.15353 0.221153 0.294467 0.372332 0.453661 0.537481 0.622964 0.709436 0.796375 0.883411
-0.606003 -0.568028 -0.530626 -0.49366 -0.456961 -0.420372 -0.383772 -0.347119 -0.310491 -0.274152 -0.23861 -0.204637 -0.17316 -0.144809 -0.118486 -0.0934712 -0.070931 -0.0479065 -0.0203235 0.0146621 0.0592139 0.113816 0.177839 0.249918 0.328427 0.411773 0.498544 0.587548 0.67782 0.768602 0.859326 0.949596
-0.580068 -0.540785 -0.501975 -0.463523 -0.425267 -0.387026 -0.348633 -0.309975 -0.271066 -0.232161 -0.193918 -0.157555 -0.124961 -0.0986892 -0.0748962 -0.0511649 -0.0362946 -0.0230848 -0.00335264 0.0260634 0.0690758 0.125557 0.194088 0.272253 0.357547 0.447788 0.541191 0.636346 0.732164 0.827824 0.922728 1.01647
-0.553613 -0.51307 -0.472969 -0.433193 -0.393558 -0.353835 -0.313761 -0.273084 -0.231638 -0.189512 -0.147349 -0.106708 -0.07044 -0.0500934 -0.0312468 0 0 -0.00478759 0.00393206 0.0238662 0.0654671 0.125244 0.200702 0.287456 0.38172 0.480638 0.582084 0.684479 0.786665 0.8878 0.987292 1.08474
-0.526675 -0.484916 -0.443642 -0.402723 -0.361942 -0.320996 -0.279496 -0.236966 -0.192893 -0.146902 -0.0992602 -0.0514915 0 0 0 0 0 0 0 0 0.0436798 0.10925 0.196018 0.295145 0.401239 0.510959 0.622024 0.732822 0.842216 0.949419 1.05389 1.15529
-0.499207 -0.456278 -0.413963 -0.372117 -0.330492 -0.288716 -0.246262 -0.202392 -0.15607 -0.105945 -0.0513007 0 0 0 0 0 0 0 0 0 0 0.0720559 0.178971 0.295867 0.417128 0.539932 0.662231 0.782565 0.899955 1.01376 1.12358 1.22913
-0.471079 -0.42703 -0.383817 -0.341293 -0.299195 -0.257116 -0.214447 -0.170271 -0.123054 -0.06951 0 0 0 0 0 0 0 0 0 0 0 0 0.151943 0.292221 0.431472 0.56941 0.7044 0.835252 0.961275 1.0821 1.19752 1.30739
-0.442068 -0.396948 -0.352984 -0.310044 -0.267883 -0.226108 -0.184141 -0.141196 -0.0963656 -0.049044 0 0 0 0 0 0 0 0 0 0 0 0 0.136577 0.2896 0.447128 0.601832 0.750707 0.892764 1.02779 1.15584 1.27699 1.3913
-0.411864 -0.365712 -0.32113 -0.278021 -0.236187 -0.195294 -0.154815 -0.114011 -0.0721711 -0.030303 0 0 0 0 0 0 0 0 0 0 0 0 0.104763 0.282471 0.465608 0.64008 0.803828 0.957302 1.10129 1.23648 1.36331 1.48206
-0.380072 -0.332911 -0.287807 -0.244724 -0.203554 -0.16407 -0.125819 -0.0878622 -0.048008 0 0 0 0 0 0 0 0 0 0 0 0 0 0 0.269911 0.492749 0.689052 0.867222 1.03132 1.18361 1.32546 1.45771 1.58083
-0.346235 -0.298054 -0.252465 -0.209516 -0.169237 -0.131616 -0.0965296 -0.0636148 -0.0320018 0 0 0 0 0 0 0 0 0 0 0 0 0 0 0.304424 0.546421 0.756154 0.944688 1.11714 1.27635 1.42403 1.56124 1.68857
-0.309858 -0.260608 -0.214487 -0.171641 -0.132267 -0.0966292 -0.0650724 -0.0380685 -0.0163876 -0.00180346 0 0 0 0 0 0 0 0 0 0 0 0 0.16415 0.40136 0.632356 0.844453 1.03823 1.21621 1.38062 1.53308 1.67465 1.80596
-0.270448 -0.220035 -0.173239 -0.130296 -0.0915635 -0.057565 -0.0290653 -0.00720229 0.00632013 0.00917061 0 0 0 0 0 0 0 0 0 0 0 0 0.255237 0.504507 0.737186 0.95107 1.14757 1.32885 1.49684 1.653 1.79832 1.93337
-0.227562 -0.175848 -0.128141 -0.0847435 -0.0461295 -0.013005 0.0135754 0.0320012 0.0396966 0.0321625 0 0 0 0 0 0 0 0 0 0 0 0 0.352287 0.624243 0.86081 1.07507 1.27212 1.45478 1.6249 1.78376 1.93224 2.07082
-0.180842 -0.127658 -0.0787351 -0.0344112 0.00479085 0.0380956 0.0643672 0.0819319 0.088299 0.0797796 0.051383 0 0 0 0 0 0 0 0 0 0 0.25621 0.529664 0.779366 1.00674 1.21626 1.41107 1.59324 1.7642 1.92492 2.07606 2.21798
-0.130049 -0.0752081 -0.0247344 0.0210396 0.0616051 0.0962261 0.123862 0.143057 0.151785 0.14727 0.125749 0.0815807 0 0 0 0 0 0 0 0 0.258101 0.495175 0.730791 0.95681 1.17053 1.37217 1.56266 1.74292 1.91373 2.07565 2.22908 2.37424
-0.0750787 -0.0183948 0.0339627 0.0816955 0.12436 0.161338 0.191796 0.214644 0.228508 0.231765 0.222759 0.20057 0.168074 0.149474 0.113692 0 0 0.170841 0.263604 0.360611 0.537226 0.735595 0.94151 1.14655 1.34639 1.53922 1.72446 1.90206 2.07215 2.23488 2.39039 2.53872
-0.0159574 0.0427416 0.0972809 0.147416 0.192798 0.232966 0.267336 0.295213 0.315837 0.328517 0.332948 0.329863 0.32225 0.316128 0.30529 0.288501 0.321738 0.419757 0.52296 0.641613 0.794594 0.968464 1.1531 1.3415 1.52926 1.71385 1.89391 2.06871 2.23791 2.40133 2.55886 2.71041
0.0471714 0.108034 0.165 0.217885 0.266448 0.310388 0.349365 0.38303 0.411104 0.433517 0.450648 0.46368 0.47493 0.487493 0.502835 0.526972 0.57869 0.663485 0.766863 0.888282 1.03107 1.19057 1.36092 1.53708 1.7153 1.89303 2.0686 2.24096 2.40946 2.57366 2.7333 2.88818
0.114073 0.17722 0.236794 0.292674 0.344716 0.39277 0.436701 0.476434 0.512029 0.543794 0.572443 0.599276 0.626293 0.656074 0.691582 0.73786 0.802562 0.888626 0.99272 1.11358 1.25083 1.40182 1.56292 1.73059 1.90183 2.07435 2.24649 2.41708 2.58529 2.75056 2.91251 3.07087
0.184452 0.249976 0.31228 0.371296 0.426969 0.479271 0.528231 0.573972 0.616781 0.657183 0.69605 0.734685 0.774887 0.818925 0.869556 0.930317 1.00507 1.09573 1.2018 1.3225 1.45683 1.60295 1.75837 1.92052 2.08707 2.25606 2.42595 2.59556 2.76405 2.93078 3.09532 3.25736
0.257981 0.325949 0.391048 0.453257 0.512588 0.569112 0.622974 0.674439 0.723934 0.772105 0.819883 0.868524 0.91964 0.975179 1.0374 1.10878 1.19167 1.28743 1.39626 1.51776 1.65106 1.79476 1.94707 2.10606 2.26988 2.43687 2.60567 2.77518 2.94456 3.11319 3.28062 3.44656
0.334328 0.404787 0.472703 0.53809 0.601012 0.661609 0.720111 0.776872 0.832405 0.887418 0.942848 0.999883 1.05996 1.12475 1.19606 1.27573 1.36538 1.46604 1.57806 1.70123 1.83488 1.97796 2.1291 2.28678 2.4495 2.61586 2.78467 2.95492 3.12582 3.29679 3.46743 3.63747
0.413183 0.486162 0.556884 0.625382 0.691758 0.756197 0.818983 0.880528 0.941393 1.00231 1.0642 1.12819 1.19558 1.2678 1.34636 1.43271 1.52808 1.63329 1.7487 1.8742 2.00928 2.1531 2.30457 2.46245 2.62546 2.79242 2.96223 3.134 3.307 3.48072 3.65482 3.82916
0.494268 0.56979 0.643284 0.714793 0.784438 0.852432 0.919092 0.984861 1.05032 1.11622 1.18346 1.2531 1.32635 1.40451 1.48887 1.58067 1.68092 1.79034 1.90925 2.03758 2.17494 2.3206 2.47363 2.63297 2.79749 2.96611 3.13784 3.31184 3.48746 3.66425 3.84199 4.0207
0.577354 0.655443 0.731664 0.806062 0.878764 0.949996 1.02009 1.0895 1.15881 1.22878 1.3003 1.37439 1.45222 1.535 1.62394 1.72016 1.8246 1.9379 2.06036 2.19194 2.33228 2.48072 2.63639 2.79831 2.96542 3.13668 3.31117 3.48807 3.66676 3.84684 4.02819 4.21109